111000000111111000000111111000000111111000000111
110000000011110000000011110000000011110000000011
100000000001100000000001100000000001100000000001
000000000000000000000000000000000000000000000000
000000000000000000000000000000000000000000000000
000000000000000000000000000000000000000000000000
000000000000000000000000000000000000000000000000
000000000000000000000000000000000000000000000000
000000000000000000000000000000000000000000000000
100000000001100000000001100000000001100000000001
110000000011110000000011110000000011110000000011
111000000111111000000111111000000111111000000111
111000000111111000000111111000000111111000000111
110000000011110000000011110000000011110000000011
100000000001100000000001100000000001100000000001
000000000000000000000000000000000000000000000000
000000000000000000000000000000000000000000000000
000000000000000000000000000000000000000000000000
000000000000000000000000000000000000000000000000
000000000000000000000000000000000000000000000000
000000000000000000000000000000000000000000000000
100000000001100000000001000000000000000000000000
110000000011110000000011110000000011110000000011
111000000111111000000111111000000111111000000111
111000000111111000000111111000000111111000000111
110000000011110000000011110000000011110000000011
100000000001100000000001100000000001100000000001
000000000000000000000000000000000000000000000000
000000000000000000000000000000000000000000000000
000000000000000000000000000000000000000000000000
000000000000000000000000000000000000000000000000
000000000000000000000000000000000000000000000000
000000000000000000000000000000000000000000000000
100000000001100000000001100000000001100000000001
110000000011110000000011110000000011110000000011
111000000111111000000111111000000111111000000111
111000000111111000000111111000000111111000000111
110000000011110000000011110000000011110000000011
100000000001100000000001100000000001100000000001
000000000000000000000000000000000000000000000000
000000000000000000000000000000000000000000000000
000000000000000000000000000000000000000000000000
000000000000000000000000000000000000000000000000
000000000000000000000000000000000000000000000000
000000000000000000000000000000000000000000000000
100000000001100000000001100000000001100000000001
110000000011110000000011110000000011110000000011
111000000111111000000111111000000111111000000111