000000000000000000000000
000000000000000000000000
000000000000000000000000
000001100000000001100000
000011110000000011110000
000111111000000111111000
000111111000000111111000
000011110000000011110000
000001100000000001100000
000000000000000000000000
000000000000000000000000
000000000000000000000000
000000000000000000000000
000000000000000000000000
000000000000000000000000
000001100000000001100000
000011110000000011110000
000111111000000111111000
000111111000000111111000
000011110000000011110000
000001100000000001100000
000000000000000000000000
000000000000000000000000
000000000000000000000000